156.71
193.74
156.78
161.97
198.27
185.08
184.80
113.56
159.72
153.94
108.26
124.26
100.04
123.62
149.72
163.57
130.87
148.35
182.93
105.03
173.53
157.08
184.69
114.23
165.64
161.60
169.96
171.55
169.75
116.15
113.13
117.90
178.73
165.16
145.48
117.92
169.64
104.61
171.63
132.99
131.52
113.41
166.49
184.18
180.85
181.38
198.00
163.64
183.09
172.26
170.84
122.69
118.57
112.06
101.58
124.24
166.84
185.59
116.66
197.95
134.63
157.71
111.25
177.52
119.62
109.39
119.18
131.33
184.65
193.26
121.97
119.95
115.32
168.89
168.45
126.97
147.37
173.22
185.60
113.46
179.95
118.58
135.88
140.19
135.81
187.36
116.59
187.14
189.97
110.31
103.01
174.73
164.73
173.70
108.30
157.85
181.11
199.43
170.61
120.17
163.65
181.68
180.66
143.56
119.38
144.23
131.30
165.84
150.07
102.79
104.89
168.12
111.33
178.61
113.98
152.58
102.34
111.50
175.89
181.54
155.50
163.03
133.20
148.59
196.45
183.94
128.14
144.37
162.07
144.02
101.71
160.79
196.41
186.82
115.68
150.08
192.55
177.09
189.34
118.03
112.56
154.43
101.97
184.37
196.52
193.27
136.49
187.41
167.26
196.03
130.32
145.09
147.43
114.34
155.37
109.97
132.46
101.31
170.50
171.67
104.29
146.70
177.26
167.37
128.59
136.59
162.38
157.92
151.33
109.20
128.90
115.48
199.16
149.21
102.17
146.91
192.51
174.75
146.26
146.57
100.63
122.67
142.06
131.97
102.79
130.98
158.97
166.21
171.94
150.26
198.92
112.34
163.26
189.91
103.47
196.29
173.15
119.62
192.73
177.64
131.95
101.76
148.16
140.43
107.65
125.82
160.51
119.61
127.28
153.01
138.77
173.26
167.41
155.59
116.43
195.38
126.24
153.68
197.16
139.66
165.71
110.24
153.80
190.65
104.04
144.05
131.61
175.51
146.79
159.91
109.57
156.99
167.37
175.74
142.06
186.13
186.95
146.57
137.23
121.84
158.12
147.41
128.24
143.83
126.39
178.57
158.60
195.12
129.59
199.98
134.11
190.85
196.40
184.16
190.33
121.35
121.98
101.57
186.61
159.01
131.34
116.57
165.83
150.94
189.37
177.20
112.13
142.44
179.74
128.31
198.26
129.69
154.93
163.28
138.73
184.71
154.07
157.23
155.31
130.08
196.35
192.06
117.43
166.63
183.68
191.82
141.53
173.45
188.57
136.09
120.70
106.12
160.24
108.51
108.77
116.67
155.60
167.66
101.38
106.48
190.17
198.44
140.69
102.26
108.48
113.50
120.26
114.26
193.65
126.22
181.66
195.72
171.30
109.59
175.49
173.30
114.38
188.41
106.19
158.96
122.24
186.40
191.98
185.98
129.90
164.19
149.24
133.59
101.61
139.40
154.13
118.27
176.55
175.81
143.27
132.95
163.79
165.08
189.94
109.72
128.89
101.44
132.79
166.68
175.03
167.54
139.79
174.78
197.68
107.96
161.92
146.72
184.14
165.62
168.08
106.89
136.18
196.26
155.87
148.40
117.92
155.79
100.92
121.42
169.00
176.71
141.93
125.68
178.35
110.77
198.06
199.05
183.11
117.25
180.66
104.22
143.49
119.04
192.35
115.74
145.31
131.76
103.06
101.08
198.94
195.25
154.75
170.71
135.81
101.32
174.37
145.05
152.04
116.65
168.32
148.70
112.14
145.82
130.22
196.21
105.48
165.58
119.22
177.88
143.04
188.65
155.77
188.75
192.54
183.17
138.03
169.75
176.70
181.86
103.74
145.76
100.66
164.24
149.45
152.29
132.78
184.59
171.73
139.83
135.56
148.55
113.82
132.74
132.73
112.17
184.81
198.39
102.59
188.42
168.43
151.36
107.79
198.52
153.91
177.41
107.51
197.83
101.92
112.41
149.14
139.51
105.83
152.54
103.45
113.10
120.02
103.81
189.81
109.66
105.46
101.32
136.19
120.19
185.72
141.66
132.43
170.09
116.00
175.40
164.50
128.67
142.23
101.06
162.77
109.83
167.87
186.50
157.73
197.57
151.72
119.50
113.03
188.60
131.92
155.09
197.38
142.97
108.24
184.22
164.72
173.17
117.83
195.46
134.79
182.66
107.95
139.71
105.38
185.16
143.21
136.08
181.75
197.75
184.81
176.89
178.62
102.80
144.22
199.08
136.11
116.39
145.05
190.15
191.95
184.16
123.34
187.72
169.26
149.68
158.47
113.60
171.93
104.49
155.13
155.54
127.43
134.83
189.92
172.90
180.94
125.19
195.43
156.14
123.87
165.69
179.11
113.98
135.11
137.16
165.01
197.44
123.67
115.60
101.88
194.95
187.93
145.78
103.14
149.14
148.43
182.87
171.27
152.60
168.83
190.48
111.87
177.22
152.47
113.67
161.47
179.70
191.32
116.18
136.73
104.47
147.71
182.74
162.93
174.56
170.10
139.32
154.54
120.64
179.09
136.66
101.82
149.11
111.57
176.07
164.06
191.22
177.58
130.05
181.97
106.77
167.20
125.18
100.06
138.59
142.57
109.57
132.62
126.61
164.30
123.22
116.77
194.40
130.73
125.95
170.08
114.89
153.44
114.60
111.08
147.02
153.27
178.98
106.57
110.61
137.23
104.12
181.51
132.80
108.52
125.69
164.36
156.03
169.70
184.50
143.42
145.13
101.75
106.67
178.53
168.85
140.88
156.53
146.25
159.95
129.30
170.72
196.44
177.11
185.91
184.44
163.61
101.72
128.89
102.77
107.19
103.32
183.22
153.99
151.63
198.42
123.00
185.29
159.22
108.98
131.22
125.93
196.61
199.76
107.46
148.22
149.30
136.00
117.97
102.34
197.44
157.13
162.02
187.43
191.11
106.17
123.14
148.57
153.54
189.20
184.93
156.87
196.53
165.19
116.95
138.11
154.17
182.10
178.51
164.48
127.97
182.39
145.36
113.26
189.51
197.89
137.62
126.87
104.86
142.64
116.04
178.92
129.61
190.19
117.96
162.97
172.51
191.71
124.53
172.27
141.51
150.79
186.24
131.60
166.58
121.34
185.13
175.79
140.56
136.14
179.08
143.07
131.32
105.49
155.81
166.30
196.42
147.37
122.66
100.03
174.84
123.99
171.81
117.47
139.59
162.87
190.04
147.37
169.50
134.95
127.20
198.52
139.05
147.16
198.10
136.55
130.81
182.24
168.93
136.63
146.88
184.84
171.07
134.20
132.82
149.47
192.82
135.54
130.31
113.56
122.59
130.21
143.40
196.57
155.95
168.11
137.19
154.73
133.29
125.35
187.49
140.60
144.88
185.28
165.38
165.85
125.77
103.46
171.56
166.87
164.17
109.02
131.83
163.29
163.99
118.32
127.50
181.78
134.61
101.90
162.06
189.35
129.04
150.33
159.14
143.80
115.72
130.85
145.75
122.37
148.14
112.92
199.54
133.74
191.87
167.61
129.10
153.83
179.01
114.02
112.37
150.79
186.47
193.56
139.72
181.16
176.29
102.38
195.49
145.60
193.77
101.43
164.69
190.14
192.30
154.04
169.91
126.72
142.66
111.53
127.57
125.69
188.75
178.94
162.50
101.72
131.93
144.95
134.97
174.97
161.66
152.70
115.41
139.38
101.46
121.55
188.49
111.44
106.16
103.82
180.63
164.19
128.73
175.00
182.63
173.90
173.40
111.11
182.73
119.57
165.27
102.75
134.44
179.21
196.29
191.72
158.10
161.06
152.25
193.29
115.62
192.59
186.18
184.61
103.74
165.92
179.92
198.42
182.65
104.22
127.32
159.71
194.07
170.29
180.16
143.01
125.90
186.18
121.13
107.70
148.62
170.45
166.67
189.88
183.12
128.31
157.25
190.61
159.07
149.34
162.33
102.38
188.29
176.96
113.22
158.32
108.79
114.76
178.00
172.21
151.32
125.47
109.84
160.82
142.92
160.53
132.38
105.12
189.41
130.13
174.11
111.71
172.45
186.99
127.31
181.99
155.82
150.48
186.73
182.57
120.28
142.08
117.95
137.94
136.61
137.85
116.14
133.65
142.62
169.45
142.35
127.00
111.16
120.80
165.95
110.69
183.80
174.81
199.84
164.92
197.15
161.48
187.83
163.14
147.83
146.96
192.60
167.80
125.68
181.63
136.76
163.75
194.79
194.65
170.04
128.89
117.27
182.01
170.58
134.59
195.35
185.89
140.32
101.39
154.43
104.22
120.81
109.72
101.52
100.71
138.48
179.69
171.47
108.64
186.73
189.39
116.98
133.94
165.61
196.66
107.27
167.33
129.59
166.05
175.04
109.19
138.67
179.51
191.80
195.71
169.00
127.04
157.50
190.51
115.14
131.95
161.91
171.93
108.31
164.24
112.65
102.87
182.19
135.05
127.28
117.64
